<?xml version="1.0"?>
<opencv_storage>
<Distortion type_id="opencv-matrix">
  <rows>5</rows>
  <cols>1</cols>
  <dt>f</dt>
  <data>
    -4.19964105e-01 1.78816050e-01 4.93057631e-03 -3.59819620e-03
    2.25432701e-02</data></Distortion>
</opencv_storage>
