<?xml version="1.0"?>
<opencv_storage>
<Distortion type_id="opencv-matrix">
  <rows>5</rows>
  <cols>1</cols>
  <dt>f</dt>
  <data>
    -8.92433245e-03 4.89578015e-05 -1.37196807e-02 1.86313819e-02
    1.31287550e-07</data></Distortion>
</opencv_storage>
