<?xml version="1.0"?>
<opencv_storage>
<calibration_Time>"Thu Jul 25 14:09:39 2013"</calibration_Time>
<nrOfFrames>6</nrOfFrames>
<image_Width>960</image_Width>
<image_Height>720</image_Height>
<board_Width>9</board_Width>
<board_Height>6</board_Height>
<square_Size>50.</square_Size>
<FixAspectRatio>1.</FixAspectRatio>
<!-- flags:  +fix_aspectRatio +fix_principal_point +zero_tangent_dist -->
<flagValue>14</flagValue>
<Camera_Matrix type_id="opencv-matrix">
  <rows>3</rows>
  <cols>3</cols>
  <dt>d</dt>
  <data>
    4.2803774851507342e+02 0. 4.7950000000000000e+02 0.
    4.2803774851507342e+02 3.5950000000000000e+02 0. 0. 1.</data></Camera_Matrix>
<Distortion_Coefficients type_id="opencv-matrix">
  <rows>5</rows>
  <cols>1</cols>
  <dt>d</dt>
  <data>
    -2.5001149765520059e-01 5.5176516531551534e-02 0. 0.
    -5.5508512954023266e-03</data></Distortion_Coefficients>
<Avg_Reprojection_Error>6.6564934389344566e-01</Avg_Reprojection_Error>
<Per_View_Reprojection_Errors type_id="opencv-matrix">
  <rows>6</rows>
  <cols>1</cols>
  <dt>f</dt>
  <data>
    2.73552239e-01 8.73370528e-01 8.90522540e-01 8.24890018e-01
    2.76293397e-01 5.20687401e-01</data></Per_View_Reprojection_Errors>
<!-- a set of 6-tuples (rotation vector + translation vector) for each view -->
<Extrinsic_Parameters type_id="opencv-matrix">
  <rows>6</rows>
  <cols>6</cols>
  <dt>d</dt>
  <data>
    1.2836448854667346e-01 1.0751600430670882e-01 4.1314905032439779e-02
    -1.5980001459984715e+02 -5.9776126812772122e+02
    6.9045101583653332e+02 -4.7763090825301814e-02
    4.7668475240832092e-01 -1.1095685933210953e-01
    3.3983092560861922e+02 -1.4896548031489402e+02
    5.7920997660630485e+02 -2.0731029444011528e-01
    1.7068316880703549e-01 -2.8765562739189274e-02
    -1.3482283847948304e+02 2.3215995544746684e+02
    5.9522313736378919e+02 -2.1034673316901761e-01
    1.5815075799574549e-01 -3.4348881080509049e-02
    -1.5125874269240325e+02 2.3312258371389507e+02
    5.9993303715447473e+02 -1.1413395352533154e-01
    1.1157441047094745e-01 2.2508197478335315e-01
    -9.5061423271610963e+01 -2.5571607643005362e+02
    7.9706352928561648e+02 -1.7529290457845220e-01
    -3.8603401076110393e-03 1.2688963347331009e-01
    -4.7301902642246267e+02 -7.7053556267826082e+01
    6.7570322182760515e+02</data></Extrinsic_Parameters>
<Image_points type_id="opencv-matrix">
  <rows>6</rows>
  <cols>54</cols>
  <dt>"2f"</dt>
  <data>
    3.97339996e+02 5.09145317e+01 4.22314423e+02 4.85753326e+01
    4.47806854e+02 4.66002312e+01 4.74253418e+02 4.54268723e+01
    5.00591858e+02 4.48958588e+01 5.27303040e+02 4.50457840e+01
    5.54085083e+02 4.59569283e+01 5.80450745e+02 4.75388107e+01
    6.06432007e+02 4.97462273e+01 3.94786926e+02 7.13563614e+01
    4.20039673e+02 6.90430756e+01 4.46294159e+02 6.74541245e+01
    4.72929596e+02 6.62885971e+01 5.00108551e+02 6.57313461e+01
    5.27121399e+02 6.59164505e+01 5.54492371e+02 6.67901230e+01
    5.81405396e+02 6.84230652e+01 6.08019531e+02 7.05714951e+01
    3.92250580e+02 9.32558975e+01 4.18171204e+02 9.10729828e+01
    4.44519043e+02 8.94677200e+01 4.71841583e+02 8.85787659e+01
    4.99320709e+02 8.81958389e+01 5.26994812e+02 8.84112854e+01
    5.54654358e+02 8.92326584e+01 5.82261292e+02 9.06106491e+01
    6.09277954e+02 9.28048172e+01 3.89990814e+02 1.16702995e+02
    4.16005035e+02 1.14639809e+02 4.43092407e+02 1.13328453e+02
    4.70634674e+02 1.12478447e+02 4.98639465e+02 1.12080269e+02
    5.26601135e+02 1.12364471e+02 5.54922119e+02 1.13151321e+02
    5.82860962e+02 1.14689964e+02 6.10212280e+02 1.16762321e+02
    3.87876221e+02 1.40973892e+02 4.14349335e+02 1.39502274e+02
    4.41588959e+02 1.38376587e+02 4.69649536e+02 1.37546143e+02
    4.97824219e+02 1.37406326e+02 5.26364258e+02 1.37680267e+02
    5.54915649e+02 1.38588425e+02 5.83298828e+02 1.39717453e+02
    6.11015808e+02 1.41659256e+02 3.86275085e+02 1.66633408e+02
    4.12662109e+02 1.65165298e+02 4.40392456e+02 1.64262466e+02
    4.68574219e+02 1.63754959e+02 4.97181152e+02 1.63745865e+02
    5.25828796e+02 1.64010559e+02 5.54850830e+02 1.64879562e+02
    5.83443481e+02 1.66300659e+02 6.11558777e+02 1.67938232e+02
    7.08396484e+02 2.59652649e+02 7.39658813e+02 2.55367905e+02
    7.69681335e+02 2.51217575e+02 7.98737549e+02 2.47897247e+02
    8.26462280e+02 2.44631546e+02 8.50933105e+02 2.42162491e+02
    8.73587524e+02 2.40453247e+02 8.93278259e+02 2.39246353e+02
    9.10242065e+02 2.38444382e+02 7.13512573e+02 2.91753052e+02
    7.45202637e+02 2.87521790e+02 7.75821533e+02 2.83572327e+02
    8.05619629e+02 2.79787842e+02 8.33009949e+02 2.76442078e+02
    8.58178955e+02 2.73531555e+02 8.80729248e+02 2.71122253e+02
    9.00538086e+02 2.69308716e+02 9.17874146e+02 2.67783081e+02
    7.17974792e+02 3.25247894e+02 7.50115479e+02 3.20801727e+02
    7.81410217e+02 3.17026642e+02 8.11257629e+02 3.12828857e+02
    8.38898315e+02 3.09389801e+02 8.63985168e+02 3.05937439e+02
    8.86545776e+02 3.02686279e+02 9.06225891e+02 3.00297546e+02
    9.22794678e+02 2.97541656e+02 7.21836060e+02 3.59293549e+02
    7.54279175e+02 3.55431458e+02 7.85592102e+02 3.51254608e+02
    8.15619507e+02 3.47232635e+02 8.43547729e+02 3.43026337e+02
    8.68691101e+02 3.39310333e+02 8.91274353e+02 3.35564087e+02
    9.10687622e+02 3.32004974e+02 9.27447510e+02 3.28836334e+02
    7.24832764e+02 3.93945038e+02 7.57286072e+02 3.90026367e+02
    7.88823364e+02 3.86028137e+02 8.19079895e+02 3.81527161e+02
    8.46595032e+02 3.77334930e+02 8.72011841e+02 3.72706726e+02
    8.94391663e+02 3.68365997e+02 9.13735352e+02 3.64209961e+02
    9.30112061e+02 3.59775177e+02 7.27164062e+02 4.28315857e+02
    7.59685303e+02 4.24822479e+02 7.90856995e+02 4.20641571e+02
    8.21217773e+02 4.16220673e+02 8.48438782e+02 4.11517517e+02
    8.73770447e+02 4.06509460e+02 8.95790527e+02 4.01357147e+02
    9.14909180e+02 3.96024780e+02 9.31323547e+02 3.91270508e+02
    3.88900726e+02 5.19000366e+02 4.20505981e+02 5.21253174e+02
    4.54661713e+02 5.22470947e+02 4.89425842e+02 5.23171326e+02
    5.25172913e+02 5.23158936e+02 5.61739258e+02 5.22252319e+02
    5.98281860e+02 5.21737976e+02 6.34315979e+02 5.19212830e+02
    6.69350281e+02 5.16984436e+02 3.88394531e+02 5.51831909e+02
    4.20595032e+02 5.54163147e+02 4.54097870e+02 5.56451965e+02
    4.89510071e+02 5.57481567e+02 5.24654480e+02 5.58241943e+02
    5.61820984e+02 5.58055115e+02 5.97682251e+02 5.56633484e+02
    6.34382874e+02 5.54741333e+02 6.69130554e+02 5.51524963e+02
    3.88788330e+02 5.83343750e+02 4.20565674e+02 5.86595825e+02
    4.54510010e+02 5.89224121e+02 4.88981171e+02 5.91432007e+02
    5.24832642e+02 5.91703125e+02 5.61160767e+02 5.91392334e+02
    5.98098511e+02 5.90635010e+02 6.33453003e+02 5.88192993e+02
    6.68818909e+02 5.85207458e+02 3.89333679e+02 6.14171997e+02
    4.21376862e+02 6.17734497e+02 4.54404083e+02 6.20915833e+02
    4.89449005e+02 6.23144836e+02 5.24361389e+02 6.24490967e+02
    5.61049622e+02 6.24439270e+02 5.96827515e+02 6.23109558e+02
    6.32680359e+02 6.20658997e+02 6.66889038e+02 6.17009949e+02
    3.90495361e+02 6.42207458e+02 4.22185760e+02 6.46954407e+02
    4.55206909e+02 6.50629944e+02 4.89335663e+02 6.53038452e+02
    5.24693909e+02 6.54492004e+02 5.59771179e+02 6.54419983e+02
    5.95742432e+02 6.53135254e+02 6.30753967e+02 6.50327087e+02
    6.64740784e+02 6.46585632e+02 3.92138550e+02 6.69217896e+02
    4.23715302e+02 6.74316772e+02 4.55549103e+02 6.78004578e+02
    4.89628326e+02 6.80485962e+02 5.23777100e+02 6.82046692e+02
    5.58958252e+02 6.82078979e+02 5.93603943e+02 6.80993896e+02
    6.28421631e+02 6.78100830e+02 6.61506470e+02 6.73737122e+02
    3.78396301e+02 5.17758240e+02 4.09695892e+02 5.19793823e+02
    4.43375671e+02 5.20938904e+02 4.77749115e+02 5.21474670e+02
    5.13039673e+02 5.21359802e+02 5.48751770e+02 5.20723206e+02
    5.85061890e+02 5.19644104e+02 6.21083679e+02 5.17311401e+02
    6.56055542e+02 5.15277405e+02 3.78339874e+02 5.50315369e+02
    4.10206604e+02 5.52526917e+02 4.43109802e+02 5.54787292e+02
